3918
2444
2825
5788
1786
5167
16045
1505
5779
2299
2853
12562
20872
3525
9220
1540
2220
1675
2842
6781
23770
15135
2712
3553
3841
2043
3439
2665
3366
2510
4684
12498
2584
4082
3794
48296
13173
8870
1314
8171
18756
8588
1649
2520
2317
4269
1823
2268
2369
9319
1545
1300
1622
1440
1875
824
9069
5026
4749
5528
3412
2932
264
2745
3227
6622
3598
2614
4728
3498
2280
999
1338
1953
4797
4216
2173
15432
2321
3172
9378
5281
1294
1315
1732
4596
1129
2618
2220
2745
442
1059
4520
9328
1638
1864
2798
958
3800
12258
7101
1331
11799
6927
3139
1264
3294
2094
3525
8036
778
1859
368
2996
1129
1490
2557
6157
3635
5565
1229
14912
3881
1300
1195
16900
2384
27115
8256
1139
991
771
4242
1021
3663
4505
1701
690
9891
2681
8916
2922
2742
4073
7906
2943
1132
2665
3132
3638
9533
5412
19232
1501
2298
351
5540
669
1062
969
1162
17287
3614
37932
1512
5106
53414
7372
28669
1792
19385
13526
1329
3674
8245
26747
2638
2519
2038
6768
17913
2028
1152
11444
1287
466
1182
3898
631
10141
882
1570
1836
312
1659
15121
1614
1698
1468
2971
1364
4141
3977
7488
3407
469
673
2438
8623
1492
2833
4443
9833
3791
8142
2514
318
181
761
1795
15288
2198
2797
13508
2256
5234
7112
4481
1092
7612
1060
4131
1757
4787
28539
3561
6347
3812
4008
10955
7043
5225
1029
20827
9180
2090
7261
1879
17861
2561
5058
529
3948
2427
2045
1407
1757
3546
6843
17977
2629
30492
1329
2461
2733
3104
2908
4972
4390
5891
1592
1167
2762
3598
9438
6901
1116
2314
8112
2347
762
2563
4888
4419
11620
8278
11594
1289
1000
5125
5248
2117
5641
1991
3372
35718
857
13223
3440
2778
3510
12527
2740
807
3927
5749
3623
6861
2969
677
935
3705
1090
4658
640
2182
3074
5522
1302
3159
3229
18105
5753
3654
5019
9799
7847
1545
3057
4554
4730
5169
3300
2036
4761
1936
5076
1922
3355
1642
2063
3133
1429
2637
1218
5115
15797
8540
1737
1136
1965
12109
1326
16673
4117
2315
5900
2248
4054
2914
1399
1841
2471
3148
3638
2055
1911
2890
2192
4985
5232
1032
23169
2314
4977
4957
9984
1523
4533
2467
810
5532
4940
6773
17157
2022
2908
7005
12763
4189
1599
2466
3267
1826
6108
3031
1803
1384
1917
4762
11160
4393
12323
3622
21225
2031
4816
7929
6141
6604
2406
11511
2657
7089
1672
23116
15646
2020
1136
1744
14692
13112
7084
9638
7622
365
8688
15991
2617
2468
4820
3570
2248
8107
5286
4354
5633
8931
2277
5169
2749
4841
1939
15662
24441
5470
4573
7423
5721
4003
2952
13805
6398
5091
4320
2872
1193
11811
3125
5629
17277
4745
4064
3754
7258
3499
4636
3665
4110
12082
3320
5273
2510
3575
4224
10187
6406
4486
2967
4611
201
4165
4754
5084
2584
6431
3527
4525
1905
5037
5887
4997
4706
4068
8019
4973
20247
2093
2609
3045
2388
2221
2398
4217
3498
5119
1202
2008
6890
6898
10053
8784
5624
3132
7830
8275
9839
6762
9650
10282
12564
733
8384
2895
37161
7846
10352
2458
3159
1073
1368
1758
5405
13730
6653
2643
6946
2777
8204
5480
13138
4742
2207
19348
4697
9632
5607
1183
12318
2933
14112
10345
10715
6555
4740
7831
10271
11112
11442
14591
16332
2459
19382
18183
619
10464
435
7037
101
52
38
1797
2678
4164
3567
8268
31870
7363
9327
6891
3413
5264
3749
8751
1351
1208
4783
2205
11115
4100
1531
2394
1515
2918
1432
8532
482
7180
689
6226
372
16972
2099
4924
2180
2381
1495
3669
3077
2842
4675
1452
2789
3932
2716
4187
1863
6397
1594
2785
2318
1574
8364
2890
3701
1662
782
15928
2168
1629
2009
1035
2579
2822
3263
24841
2540
915
30493
5562
1523
1863
1650
2723
1899
1628
1563
658
3239
1249
3567
21861
2596
8304
2032
6793
2968
3290
3872
2802
3363
5977
5008
19783
17902
3889
3445
3565
3275
4215
1307
4858
4812
25311
2285
4253
1816
7291
9958
1097
26158
4637
3247
2543
4926
5434
2879
3116
654
4096
1792
1995
815
3856
1813
3549
2886
3981
2432
6887
4120
3719
2541
2812
4497
5135
1820
2342
1576
1432
3673
447
1540
1452
2470
2413
1230
5943
894
1173
498
1288
1539
2085
2688
1405
4269
1892
1808
934
337
1869
813
10224
3828
21105
7139
2915
1891
9820
3587
4017
1844
2997
3669
1614
2272
1669
2070
3242
3540
1473
1396
2407
1851
1585
1584
4450
6962
4951
9288
5388
9770
8555
1376
2781
3766
3642
4064
3213
4515
1898
3214
2613
27536
6492
4419
3017
2026
5356
6059
7836
2816
3723
7056
8117
4164
3852
3223
3556
1804
4219
2505
9311
23802
20837
2866
2330
1849
30256
20065
14579
1685
1706
6700
4567
17507
1564
3248
3998
4762
5969
7981
2765
8897
86246
4910
9022
9963
1324
4034
16756
2621
2096
2644
5613
10073
12647
19682
1786
1247
2045
432
1441
857
264
7715
2579
1572
8092
2189
4118
2086
3771
4968
7656
323
10358
1424
13245
5132
4494
5483
8695
4945
4074
6865
12727
24480
3426
10503
16324
44514
32195
4316
6351
6458
20760
9258
5409
3891
64761
98
2607
11880
838
3907
3829
4826
4639
5099
4418
2633
2359
